0.00 17.20
5.95 18.10
10.33 20.10
27.43 18.83
30.63 15.03
39.15 13.23
43.30 12.23
47.37 9.17
64.25 10.13
68.95 13.50
75.63 17.93
78.80 18.95
78.90 25.85
81.00 26.72
83.00 26.60
83.10 20.17
85.62 20.17
91.65 22.68
96.22 21.00
106.62 34.42
125.68 39.18
141.00 40.50
145.00 40.47
162.20 39.00
162.30 30.98
197.60 24.45
197.70 33.05
200.27 33.48
202.50 33.00
202.60 23.70
218.18 14.45
222.68 11.00
226.55 8.00
248.07 8.00
267.72 11.13
285.07 15.70
313.30 18.80
360.00 17.20

