0 33
5 33.7
6 30.8
8 28.9
9 31.4
15 31.3
17 33.1
22 32
23 28.7
26 26.5
30 24.3
31 16.4
35 16
37 17.1
38 21.1
40 22.3
42 18.9
46 14.5
50 14.3
54 13.5
58 12.7
60 14.8
63 14.1
65 12.3
67 11.9
70 11.9
73 10.7
75 8.9
78 7.9
79 11.7
80 8.9
83 7.4
85 6.5
89 7.5
92 8.1
95 7.8
99 7.3
100 7.8
103 9
109 14.6
113 13.9
112 12
117 12.5
121 13.8
126 14.8
129 15.4
131 14.5
134 16.4
137 16.1
141 16.7
145 17.1
149 15.6
150 12.3
152 11.8
157 12.3
160 12.2
164 12.3
169 13.8
172 15.5
175 14.6
180 15.3
184 16.7
185 19.8
188 22.6
192 24.6
197 25.8
202 26.2
205 27.6
206 27.3
211 27.4
214 28.1
220 28.3
224 28.2
230 28.4
235 28.9
238 31.6
244 32.6
249 33.7
255 34.5
259 31.3
263 30.1
266 31.7
268 38.6
273 39.8
279 38
284 35.6
286 31.5
289 29.5
293 29.3
296 29.8
298 32.3
302 31.7
305 31.3
311 29.9
315 29.8
320 27.8
324 25
327 22.6
330 20
334 27.8
339 30.2
344 30.9
348 32.3
353 32.9
360 33.4